640538
663374
655671
660445
657020
673005
661206
673190
682960
686049
680645
685470
683987
677797
682544
702962
711460
690528
678605
714325
681273
667825
697494
699075
683425
693662
699859
703678
720712
693727
678056
702202
722744
685116
714782
709529
687207
714871
723593
End Video
640808
649534
651407
659773
656696
658844
674199
692476
700395
687436
670189
685851
658683
671209
665501
668936
701477
686468
685575
668026
685987
691449
714889
694641
690421
697044
700126
697122
681830
699556
692521
718721
709242
703829
689325
695629
704485
738453
684374
837947
730724
709055
715495
705419
716429
684506
690490
692092
686341
691568
709607
712983
711960
770990
701489
696139
721624
716049
706943
734729
715626
708312
693687
684533
686956
692545
680046
713344
850938
709930
697736
673103
End Video
689852
714150
696624
744469
694296
731572
733445
753117
723202
738940
730857
773814
734838
692146
769030
798072
692740
713919
684783
688597
688902
693988
694233
742816
668041
669850
692882
670562
701644
741312
766870
694339
727524
681824
657040
740361
794703
738296
676307
702806
766926
669697
727070
788004
790456
681791
701450
701933
692521
671509
676330
679503
698322
682027
684296
688849
681180
682297
694851
694486
716519
682281
705589
692069
765093
693365
719619
762147
769278
801925
725663
736103
740219
734453
798278
707186
714300
712921
724727
704119
703814
699946
696662
732271
700762
683910
685287
710398
712649
745568
715306
689817
691000
708292
749020
742216
731335
774080
733545
747554
693644
700933
758717
724612
699261
696577
670946
End Video
670574
655753
660725
703557
679851
688053
666531
659692
683183
683456
658250
663275
664127
676520
679985
690147
721587
686117
707151
691478
694651
688404
682881
684947
693128
692332
684490
741386
741561
753834
722375
696086
698882
718703
719320
743936
752973
799026
690213
679112
695803
692595
710636
730533
718630
715699
701507
708226
710495
739280
710892
739600
684959
703343
677889
694732
687619
701405
689075
708468
685173
683101
687432
687560
691918
712686
711445
713997
703622
737350
691872
689521
707851
706076
718822
719397
741100
700136
711223
722909
697553
713561
688306
702306
687867
703035
700397
713607
705196
686117
683695
677591
665511
655264
665763
662246
678454
End Video
